[ 0]  Node  | Successors
[ 0]  ----------------------------------------------------------------------
[13]      0 |    2: 31    7: 10   13: 46   14: 83
[12]      1 |    4: 34   11: 69   12: 99
[11]      2 |    1: 24    9: 78   14:  3
[11]      3 |    2:  4    6: 15
[11]      4 |    0: 83    3: 82    5: 45   14: 83   17: 25
[11]      5 |    0: 24    7: 31    8: 22    9: 60   11: 91   12: 82
[11]      6 |
[11]      7 |    1: 87    4: 13    5: 22    9: 22
[11]      8 |    5:  8    9: 42
[11]      9 |
[11]     10 |
[11]     11 |    4: 63   10: 13   16: 51
[11]     12 |    4: 27    9: 58
[11]     13 |    0: 16    1: 81    2: 72    3:  7
[11]     14 |    7: 10   10: 68   13: 44   17: 16
[11]     15 |    5: 69   12: 51   16: 67
[11]     16 |    9: 26   13: 44
[11]     17 |    4:  9    7: 75    9: 97
[ 0]  
[ 0]  Start vertex is: 13
[ 0]  
[ 0]         Total
[ 0]  Dest | Weight | Path
[ 0]  ----------------------------------------------------------------------
[52]     0 |     16 |   0
[51]     1 |     35 |   3   2   1
[50]     2 |     11 |   3   2
[49]     3 |      7 |   3
[48]     4 |     37 |   3   2  14   7   4
[47]     5 |     46 |   3   2  14   7   5
[46]     6 |     22 |   3   6
[45]     7 |     24 |   3   2  14   7
[44]     8 |     68 |   3   2  14   7   5   8
[44]     9 |     46 |   3   2  14   7   9
[44]    10 |     82 |   3   2  14  10
[44]    11 |    104 |   3   2   1  11
[44]    12 |    128 |   3   2  14   7   5  12
[44]    13 |      0 |
[44]    14 |     14 |   3   2  14
[44]    15 |    inf |
[44]    16 |    155 |   3   2   1  11  16
[44]    17 |     30 |   3   2  14  17
